82589933
82589945
82589957
82589969
82589981
82589993
82590005
82590017
82590029
82590041
82590053
82590065
82590077
82590089
82590101
82590113
82590125
82590137
82590149
82590161
82590173
82590185
82590197
82590209
82590221
82590233
82590245
82590257
82590269
82590281
82590293
82590305
82590317
82590329
82590341
82590353
82590365
82590377
82590389
82590401
82590413
82590425
82590437
82590449
82590461
82590473
82590485
82590497
82590509
82590521
82590533
82590545
82590557
82590569
82590581
82590593
82590605
82590617
82590629
82590641
82590653
82590665
82590677
82590689
82590701
82590713
82590725
82590737
82590749
82590761
82590773
82590785
82590797
82590809
82590821
82590833
82590845
82590857
82590869
82590881
82590893
82590905
82590917
82590929
82590941
82590953
82590965
82590977
82590989
82591001
82591013
82591025
82591037
82591049
82591061
82591073
82591085
82591097
82591109
82591121
